image: 2_laser_map3.pgm
resolution: 0.050000
origin: [-2.801723, -3.105862, 0.000000]
negate: 0
occupied_thresh: 0.65
free_thresh: 0.196

