image: award_hall1.pgm
resolution: 0.050000
origin: [-1.355602, -15.834914, 0.000000]
negate: 0
occupied_thresh: 0.65
free_thresh: 0.196

