image: award_hall2.pgm
resolution: 0.050000
origin: [-0.747467, -15.550000, 0.000000]
negate: 0
occupied_thresh: 0.65
free_thresh: 0.196

