image: award_hall5.pgm
resolution: 0.050000
origin: [-1.439114, -25.500000, 0.000000]
negate: 0
occupied_thresh: 0.65
free_thresh: 0.196

