image: hall_map4.pgm
resolution: 0.050000
origin: [-4.713815, -17.300000, 0.000000]
negate: 0
occupied_thresh: 0.65
free_thresh: 0.196

