image: hall_map2.pgm
resolution: 0.050000
origin: [-5.173327, -7.462289, 0.000000]
negate: 0
occupied_thresh: 0.65
free_thresh: 0.196

