image: lab_full_new3.pgm
resolution: 0.050000
origin: [-5.681868, -10.371517, 0.000000]
negate: 0
occupied_thresh: 0.65
free_thresh: 0.196

