image: lhc_map1.pgm
resolution: 0.050000
origin: [-10.108496, -6.288271, 0.000000]
negate: 0
occupied_thresh: 0.65
free_thresh: 0.196

