image: lhc_map3.pgm
resolution: 0.050000
origin: [-10.054899, -6.359882, 0.000000]
negate: 0
occupied_thresh: 0.65
free_thresh: 0.196

