image: lhc_map4.pgm
resolution: 0.050000
origin: [-8.194952, -3.348498, 0.000000]
negate: 0
occupied_thresh: 0.65
free_thresh: 0.196

