image: PAR_LAB.pgm
resolution: 0.050000
origin: [-2.941626, -7.228720, 0.000000]
negate: 0
occupied_thresh: 0.65
free_thresh: 0.196

