image: third_view.pgm
resolution: 0.050000
origin: [-7.346498, -1.707675, 0.000000]
negate: 0
occupied_thresh: 0.65
free_thresh: 0.196

